  1.0059E-05  7.5163E-02  1.2019E+06  2.3194E-04  3.3351E-02
  2.5903E-05  1.0303E-01  1.2016E+06  5.9715E-04  3.3337E-02
  4.0162E-05  1.1926E-01  1.2013E+06  9.2576E-04  3.3326E-02
  5.2995E-05  1.3081E-01  1.2011E+06  1.2215E-03  3.3317E-02
  6.4545E-05  1.3970E-01  1.2009E+06  1.4875E-03  3.3310E-02
  7.4939E-05  1.4684E-01  1.2008E+06  1.7270E-03  3.3304E-02
  8.5334E-05  1.5334E-01  1.2007E+06  1.9664E-03  3.3298E-02
  9.5729E-05  1.5933E-01  1.2005E+06  2.2058E-03  3.3293E-02
  1.0664E-04  1.6518E-01  1.2004E+06  2.4572E-03  3.3287E-02
  1.1810E-04  1.7090E-01  1.2003E+06  2.7210E-03  3.3282E-02
  1.3014E-04  1.7652E-01  1.2002E+06  2.9981E-03  3.3277E-02
  1.4277E-04  1.8207E-01  1.2000E+06  3.2890E-03  3.3271E-02
  1.5604E-04  1.8755E-01  1.1999E+06  3.5943E-03  3.3266E-02
  1.6997E-04  1.9297E-01  1.1998E+06  3.9149E-03  3.3260E-02
  1.8460E-04  1.9837E-01  1.1996E+06  4.2515E-03  3.3254E-02
  1.9995E-04  2.0373E-01  1.1995E+06  4.6049E-03  3.3248E-02
  2.1608E-04  2.0907E-01  1.1993E+06  4.9759E-03  3.3242E-02
  2.3301E-04  2.1440E-01  1.1992E+06  5.3654E-03  3.3236E-02
  2.5079E-04  2.1973E-01  1.1990E+06  5.7744E-03  3.3230E-02
  2.6946E-04  2.2506E-01  1.1989E+06  6.2037E-03  3.3223E-02
  2.8906E-04  2.3040E-01  1.1987E+06  6.6545E-03  3.3217E-02
  3.0964E-04  2.3576E-01  1.1985E+06  7.1277E-03  3.3210E-02
  3.3125E-04  2.4113E-01  1.1984E+06  7.6245E-03  3.3203E-02
  3.5394E-04  2.4652E-01  1.1982E+06  8.1460E-03  3.3196E-02
  3.7777E-04  2.5195E-01  1.1980E+06  8.6936E-03  3.3189E-02
  4.0278E-04  2.5740E-01  1.1978E+06  9.2684E-03  3.3181E-02
  4.2905E-04  2.6289E-01  1.1977E+06  9.8719E-03  3.3173E-02
  4.5663E-04  2.6842E-01  1.1975E+06  1.0506E-02  3.3165E-02
  4.8559E-04  2.7399E-01  1.1973E+06  1.1171E-02  3.3157E-02
  5.1600E-04  2.7961E-01  1.1971E+06  1.1869E-02  3.3149E-02
  5.4792E-04  2.8528E-01  1.1969E+06  1.2602E-02  3.3140E-02
  5.9821E-04  2.9378E-01  1.1966E+06  1.3756E-02  3.3129E-02
  6.5101E-04  3.0220E-01  1.1963E+06  1.4968E-02  3.3115E-02
  7.0645E-04  3.1057E-01  1.1959E+06  1.6240E-02  3.3101E-02
  7.6467E-04  3.1891E-01  1.1956E+06  1.7575E-02  3.3087E-02
  8.2579E-04  3.2722E-01  1.1952E+06  1.8977E-02  3.3072E-02
  8.8997E-04  3.3552E-01  1.1949E+06  2.0448E-02  3.3057E-02
  9.5736E-04  3.4381E-01  1.1945E+06  2.1992E-02  3.3042E-02
  1.0281E-03  3.5212E-01  1.1941E+06  2.3613E-02  3.3026E-02
  1.1024E-03  3.6044E-01  1.1937E+06  2.5314E-02  3.3010E-02
  1.1804E-03  3.6878E-01  1.1933E+06  2.7100E-02  3.2993E-02
  1.2623E-03  3.7716E-01  1.1929E+06  2.8974E-02  3.2977E-02
  1.3483E-03  3.8558E-01  1.1925E+06  3.0942E-02  3.2959E-02
  1.4386E-03  3.9405E-01  1.1921E+06  3.3007E-02  3.2941E-02
  1.5335E-03  4.0257E-01  1.1916E+06  3.5175E-02  3.2923E-02
  1.6330E-03  4.1114E-01  1.1912E+06  3.7450E-02  3.2904E-02
  1.7376E-03  4.1979E-01  1.1907E+06  3.9838E-02  3.2885E-02
  1.8473E-03  4.2850E-01  1.1902E+06  4.2344E-02  3.2865E-02
  1.9626E-03  4.3729E-01  1.1897E+06  4.4975E-02  3.2844E-02
  2.0836E-03  4.4616E-01  1.1892E+06  4.7736E-02  3.2823E-02
  2.2107E-03  4.5511E-01  1.1887E+06  5.0633E-02  3.2801E-02
  2.3441E-03  4.6415E-01  1.1882E+06  5.3674E-02  3.2779E-02
  2.4842E-03  4.7329E-01  1.1876E+06  5.6866E-02  3.2756E-02
  2.6313E-03  4.8252E-01  1.1870E+06  6.0216E-02  3.2732E-02
  2.8630E-03  4.9640E-01  1.1863E+06  6.5488E-02  3.2702E-02
  3.1063E-03  5.1019E-01  1.1854E+06  7.1020E-02  3.2664E-02
  3.3617E-03  5.2393E-01  1.1845E+06  7.6824E-02  3.2626E-02
  3.6299E-03  5.3764E-01  1.1835E+06  8.2913E-02  3.2587E-02
  3.9115E-03  5.5134E-01  1.1825E+06  8.9302E-02  3.2547E-02
  4.2072E-03  5.6504E-01  1.1815E+06  9.6004E-02  3.2506E-02
  4.5177E-03  5.7876E-01  1.1805E+06  1.0304E-01  3.2464E-02
  4.8437E-03  5.9252E-01  1.1795E+06  1.1041E-01  3.2421E-02
  5.1860E-03  6.0633E-01  1.1784E+06  1.1815E-01  3.2377E-02
  5.5454E-03  6.2020E-01  1.1773E+06  1.2627E-01  3.2332E-02
  5.9228E-03  6.3414E-01  1.1762E+06  1.3478E-01  3.2286E-02
  6.3191E-03  6.4817E-01  1.1750E+06  1.4372E-01  3.2238E-02
  6.7351E-03  6.6230E-01  1.1738E+06  1.5308E-01  3.2189E-02
  7.1720E-03  6.7654E-01  1.1726E+06  1.6291E-01  3.2138E-02
  7.6307E-03  6.9089E-01  1.1714E+06  1.7322E-01  3.2087E-02
  8.1124E-03  7.0537E-01  1.1701E+06  1.8403E-01  3.2033E-02
  8.6181E-03  7.1998E-01  1.1687E+06  1.9537E-01  3.1979E-02
  9.1491E-03  7.3473E-01  1.1674E+06  2.0726E-01  3.1922E-02
  9.7067E-03  7.4964E-01  1.1659E+06  2.1973E-01  3.1864E-02
  1.0292E-02  7.6471E-01  1.1645E+06  2.3281E-01  3.1805E-02
  1.0907E-02  7.7994E-01  1.1630E+06  2.4653E-01  3.1743E-02
  1.1552E-02  7.9536E-01  1.1614E+06  2.6091E-01  3.1680E-02
  1.2230E-02  8.1095E-01  1.1598E+06  2.7599E-01  3.1615E-02
  1.2942E-02  8.2674E-01  1.1582E+06  2.9180E-01  3.1548E-02
  1.3689E-02  8.4273E-01  1.1565E+06  3.0838E-01  3.1479E-02
  1.4473E-02  8.5892E-01  1.1548E+06  3.2576E-01  3.1407E-02
  1.5297E-02  8.7533E-01  1.1530E+06  3.4398E-01  3.1334E-02
  1.6162E-02  8.9196E-01  1.1511E+06  3.6308E-01  3.1258E-02
  1.7070E-02  9.0882E-01  1.1492E+06  3.8310E-01  3.1180E-02
  1.8024E-02  9.2592E-01  1.1472E+06  4.0409E-01  3.1100E-02
  1.9025E-02  9.4326E-01  1.1452E+06  4.2609E-01  3.1017E-02
  2.0077E-02  9.6086E-01  1.1431E+06  4.4914E-01  3.0932E-02
  2.1181E-02  9.7872E-01  1.1409E+06  4.7330E-01  3.0844E-02
  2.2340E-02  9.9685E-01  1.1387E+06  4.9863E-01  3.0753E-02
  2.3557E-02  1.0153E+00  1.1364E+06  5.2516E-01  3.0660E-02
  2.4835E-02  1.0339E+00  1.1340E+06  5.5296E-01  3.0563E-02
  2.6177E-02  1.0529E+00  1.1315E+06  5.8209E-01  3.0464E-02
  2.7586E-02  1.0722E+00  1.1290E+06  6.1260E-01  3.0361E-02
  2.9065E-02  1.0918E+00  1.1264E+06  6.4457E-01  3.0255E-02
  3.0619E-02  1.1117E+00  1.1236E+06  6.7805E-01  3.0146E-02
  3.2250E-02  1.1320E+00  1.1209E+06  7.1312E-01  3.0034E-02
  3.3962E-02  1.1526E+00  1.1180E+06  7.4985E-01  2.9918E-02
  3.5761E-02  1.1735E+00  1.1150E+06  7.8832E-01  2.9798E-02
  3.7649E-02  1.1948E+00  1.1119E+06  8.2859E-01  2.9674E-02
  3.9631E-02  1.2165E+00  1.1087E+06  8.7076E-01  2.9547E-02
  4.1713E-02  1.2385E+00  1.1054E+06  9.1490E-01  2.9415E-02
  4.3899E-02  1.2609E+00  1.1020E+06  9.6111E-01  2.9280E-02
  4.6194E-02  1.2838E+00  1.0985E+06  1.0095E+00  2.9140E-02
  4.8604E-02  1.3070E+00  1.0949E+06  1.0601E+00  2.8995E-02
  5.1134E-02  1.3307E+00  1.0911E+06  1.1130E+00  2.8846E-02
  5.3791E-02  1.3548E+00  1.0872E+06  1.1685E+00  2.8693E-02
  5.6580E-02  1.3793E+00  1.0832E+06  1.2264E+00  2.8534E-02
  5.9509E-02  1.4043E+00  1.0791E+06  1.2871E+00  2.8370E-02
  6.2585E-02  1.4298E+00  1.0748E+06  1.3505E+00  2.8201E-02
  6.5814E-02  1.4558E+00  1.0704E+06  1.4168E+00  2.8027E-02
  6.9205E-02  1.4823E+00  1.0658E+06  1.4861E+00  2.7847E-02
  7.2766E-02  1.5093E+00  1.0610E+06  1.5586E+00  2.7662E-02
  7.6504E-02  1.5368E+00  1.0561E+06  1.6343E+00  2.7471E-02
  8.0429E-02  1.5649E+00  1.0511E+06  1.7135E+00  2.7273E-02
  8.4551E-02  1.5935E+00  1.0458E+06  1.7962E+00  2.7069E-02
  8.8879E-02  1.6228E+00  1.0404E+06  1.8825E+00  2.6859E-02
  9.3423E-02  1.6526E+00  1.0348E+06  1.9727E+00  2.6642E-02
  9.8194E-02  1.6831E+00  1.0290E+06  2.0669E+00  2.6419E-02
  1.0320E-01  1.7142E+00  1.0230E+06  2.1652E+00  2.6188E-02
  1.0846E-01  1.7460E+00  1.0168E+06  2.2678E+00  2.5949E-02
  1.1399E-01  1.7785E+00  1.0103E+06  2.3749E+00  2.5704E-02
  1.1979E-01  1.8116E+00  1.0037E+06  2.4866E+00  2.5450E-02
  1.2588E-01  1.8456E+00  9.9680E+05  2.6030E+00  2.5188E-02
  1.3227E-01  1.8803E+00  9.8967E+05  2.7244E+00  2.4919E-02
  1.3898E-01  1.9158E+00  9.8228E+05  2.8509E+00  2.4640E-02
  1.4603E-01  1.9521E+00  9.7463E+05  2.9827E+00  2.4353E-02
  1.5343E-01  1.9893E+00  9.6671E+05  3.1200E+00  2.4057E-02
  1.6121E-01  2.0273E+00  9.5850E+05  3.2629E+00  2.3751E-02
  1.6898E-01  2.0645E+00  9.5021E+05  3.4046E+00  2.3443E-02
  1.7675E-01  2.1008E+00  9.4202E+05  3.5450E+00  2.3141E-02
  1.8491E-01  2.1382E+00  9.3372E+05  3.6912E+00  2.2836E-02
  1.9307E-01  2.1747E+00  9.2532E+05  3.8360E+00  2.2528E-02
  2.0164E-01  2.2123E+00  9.1680E+05  3.9867E+00  2.2218E-02
  2.1021E-01  2.2492E+00  9.0818E+05  4.1360E+00  2.1905E-02
  2.1878E-01  2.2854E+00  8.9964E+05  4.2839E+00  2.1597E-02
  2.2734E-01  2.3210E+00  8.9118E+05  4.4304E+00  2.1293E-02
  2.3634E-01  2.3578E+00  8.8259E+05  4.5827E+00  2.0986E-02
  2.4534E-01  2.3940E+00  8.7388E+05  4.7335E+00  2.0676E-02
  2.5434E-01  2.4296E+00  8.6524E+05  4.8829E+00  2.0370E-02
  2.6333E-01  2.4647E+00  8.5666E+05  5.0307E+00  2.0068E-02
  2.7278E-01  2.5011E+00  8.4795E+05  5.1844E+00  1.9762E-02
  2.8223E-01  2.5370E+00  8.3908E+05  5.3364E+00  1.9453E-02
  2.9167E-01  2.5725E+00  8.3028E+05  5.4869E+00  1.9148E-02
  3.0112E-01  2.6076E+00  8.2154E+05  5.6358E+00  1.8847E-02
  3.1057E-01  2.6423E+00  8.1286E+05  5.7831E+00  1.8549E-02
  3.2001E-01  2.6766E+00  8.0423E+05  5.9288E+00  1.8254E-02
  3.2946E-01  2.7106E+00  7.9564E+05  6.0730E+00  1.7962E-02
  3.3891E-01  2.7443E+00  7.8710E+05  6.2157E+00  1.7674E-02
  3.4835E-01  2.7778E+00  7.7861E+05  6.3568E+00  1.7389E-02
  3.5780E-01  2.8110E+00  7.7015E+05  6.4963E+00  1.7106E-02
  3.6725E-01  2.8439E+00  7.6173E+05  6.6344E+00  1.6826E-02
  3.7669E-01  2.8767E+00  7.5334E+05  6.7709E+00  1.6549E-02
  3.8614E-01  2.9092E+00  7.4499E+05  6.9059E+00  1.6275E-02
  3.9559E-01  2.9416E+00  7.3666E+05  7.0394E+00  1.6003E-02
  4.0503E-01  2.9738E+00  7.2836E+05  7.1714E+00  1.5733E-02
  4.1448E-01  3.0059E+00  7.2008E+05  7.3019E+00  1.5465E-02
  4.2393E-01  3.0378E+00  7.1183E+05  7.4309E+00  1.5200E-02
  4.3337E-01  3.0696E+00  7.0359E+05  7.5584E+00  1.4937E-02
  4.4282E-01  3.1014E+00  6.9537E+05  7.6844E+00  1.4676E-02
  4.5227E-01  3.1330E+00  6.8717E+05  7.8090E+00  1.4417E-02
  4.6171E-01  3.1646E+00  6.7898E+05  7.9320E+00  1.4160E-02
  4.7116E-01  3.1961E+00  6.7080E+05  8.0536E+00  1.3905E-02
  4.8061E-01  3.2276E+00  6.6263E+05  8.1736E+00  1.3652E-02
  4.9005E-01  3.2591E+00  6.5447E+05  8.2923E+00  1.3401E-02
  4.9950E-01  3.2905E+00  6.4631E+05  8.4094E+00  1.3151E-02
  5.0895E-01  3.3219E+00  6.3816E+05  8.5250E+00  1.2903E-02
  5.1839E-01  3.3534E+00  6.3001E+05  8.6392E+00  1.2656E-02
  5.2784E-01  3.3848E+00  6.2185E+05  8.7519E+00  1.2411E-02
  5.3729E-01  3.4163E+00  6.1369E+05  8.8631E+00  1.2168E-02
  5.4673E-01  3.4479E+00  6.0553E+05  8.9728E+00  1.1926E-02
  5.5618E-01  3.4795E+00  5.9736E+05  9.0811E+00  1.1685E-02
  5.6563E-01  3.5112E+00  5.8918E+05  9.1879E+00  1.1446E-02
  5.7507E-01  3.5430E+00  5.8099E+05  9.2932E+00  1.1208E-02
  5.8452E-01  3.5749E+00  5.7279E+05  9.3970E+00  1.0972E-02
  5.9397E-01  3.6069E+00  5.6457E+05  9.4993E+00  1.0737E-02
  6.0341E-01  3.6391E+00  5.5633E+05  9.6001E+00  1.0502E-02
  6.1286E-01  3.6714E+00  5.4807E+05  9.6994E+00  1.0269E-02
  6.2231E-01  3.7039E+00  5.3979E+05  9.7972E+00  1.0037E-02
  6.3175E-01  3.7366E+00  5.3148E+05  9.8936E+00  9.8067E-03
  6.4120E-01  3.7694E+00  5.2315E+05  9.9884E+00  9.5768E-03
  6.4970E-01  3.7992E+00  5.1520E+05  1.0072E+01  9.3595E-03
  6.5821E-01  3.8292E+00  5.0764E+05  1.0155E+01  9.1543E-03
  6.6671E-01  3.8593E+00  5.0005E+05  1.0237E+01  8.9498E-03
  6.7521E-01  3.8897E+00  4.9243E+05  1.0317E+01  8.7460E-03
  6.8371E-01  3.9204E+00  4.8478E+05  1.0396E+01  8.5428E-03
  6.9221E-01  3.9512E+00  4.7708E+05  1.0474E+01  8.3402E-03
  6.9987E-01  3.9793E+00  4.6974E+05  1.0543E+01  8.1484E-03
  7.0752E-01  4.0075E+00  4.6274E+05  1.0611E+01  7.9671E-03
  7.1517E-01  4.0360E+00  4.5571E+05  1.0678E+01  7.7862E-03
  7.2282E-01  4.0648E+00  4.4864E+05  1.0744E+01  7.6056E-03
  7.3047E-01  4.0939E+00  4.4153E+05  1.0808E+01  7.4254E-03
  7.3812E-01  4.1233E+00  4.3437E+05  1.0872E+01  7.2456E-03
  7.4501E-01  4.1499E+00  4.2752E+05  1.0929E+01  7.0751E-03
  7.5190E-01  4.1769E+00  4.2100E+05  1.0984E+01  6.9137E-03
  7.5878E-01  4.2042E+00  4.1443E+05  1.1039E+01  6.7525E-03
  7.6567E-01  4.2317E+00  4.0781E+05  1.1093E+01  6.5914E-03
  7.7256E-01  4.2596E+00  4.0115E+05  1.1146E+01  6.4305E-03
  7.7876E-01  4.2850E+00  3.9477E+05  1.1193E+01  6.2778E-03
  7.8495E-01  4.3107E+00  3.8868E+05  1.1239E+01  6.1331E-03
  7.9115E-01  4.3367E+00  3.8255E+05  1.1285E+01  5.9885E-03
  7.9735E-01  4.3630E+00  3.7636E+05  1.1329E+01  5.8438E-03
  8.0355E-01  4.3896E+00  3.7013E+05  1.1373E+01  5.6992E-03
  8.0913E-01  4.4139E+00  3.6415E+05  1.1412E+01  5.5618E-03
  8.1470E-01  4.4385E+00  3.5844E+05  1.1451E+01  5.4315E-03
  8.2028E-01  4.4635E+00  3.5269E+05  1.1488E+01  5.3011E-03
  8.2586E-01  4.4887E+00  3.4687E+05  1.1525E+01  5.1707E-03
  8.3144E-01  4.5144E+00  3.4101E+05  1.1562E+01  5.0401E-03
  8.3646E-01  4.5378E+00  3.3538E+05  1.1594E+01  4.9159E-03
  8.4148E-01  4.5615E+00  3.3000E+05  1.1626E+01  4.7981E-03
  8.4650E-01  4.5856E+00  3.2457E+05  1.1657E+01  4.6800E-03
  8.5152E-01  4.6100E+00  3.1908E+05  1.1688E+01  4.5618E-03
  8.5604E-01  4.6323E+00  3.1381E+05  1.1715E+01  4.4493E-03
  8.6056E-01  4.6550E+00  3.0877E+05  1.1742E+01  4.3425E-03
  8.6508E-01  4.6779E+00  3.0367E+05  1.1768E+01  4.2355E-03
  8.6959E-01  4.7013E+00  2.9852E+05  1.1794E+01  4.1282E-03
  8.7366E-01  4.7227E+00  2.9358E+05  1.1817E+01  4.0260E-03
  8.7773E-01  4.7443E+00  2.8884E+05  1.1840E+01  3.9289E-03
  8.8179E-01  4.7664E+00  2.8405E+05  1.1862E+01  3.8316E-03
  8.8586E-01  4.7888E+00  2.7920E+05  1.1884E+01  3.7339E-03
  8.8952E-01  4.8092E+00  2.7454E+05  1.1903E+01  3.6409E-03
  8.9318E-01  4.8301E+00  2.7008E+05  1.1922E+01  3.5524E-03
  8.9684E-01  4.8512E+00  2.6556E+05  1.1940E+01  3.4636E-03
  9.0050E-01  4.8728E+00  2.6098E+05  1.1959E+01  3.3745E-03
  9.0379E-01  4.8925E+00  2.5659E+05  1.1975E+01  3.2896E-03
  9.0709E-01  4.9125E+00  2.5237E+05  1.1991E+01  3.2087E-03
  9.1038E-01  4.9329E+00  2.4809E+05  1.2007E+01  3.1276E-03
  9.1367E-01  4.9537E+00  2.4376E+05  1.2022E+01  3.0461E-03
  9.1664E-01  4.9727E+00  2.3960E+05  1.2036E+01  2.9683E-03
  9.1960E-01  4.9921E+00  2.3560E+05  1.2049E+01  2.8943E-03
  9.2257E-01  5.0118E+00  2.3154E+05  1.2062E+01  2.8199E-03
  9.2524E-01  5.0299E+00  2.2764E+05  1.2074E+01  2.7489E-03
  9.2790E-01  5.0483E+00  2.2389E+05  1.2085E+01  2.6812E-03
  9.3057E-01  5.0670E+00  2.2009E+05  1.2097E+01  2.6133E-03
  9.3324E-01  5.0861E+00  2.1623E+05  1.2108E+01  2.5449E-03
  9.3564E-01  5.1036E+00  2.1252E+05  1.2117E+01  2.4797E-03
  9.3804E-01  5.1215E+00  2.0895E+05  1.2127E+01  2.4175E-03
  9.4044E-01  5.1396E+00  2.0533E+05  1.2136E+01  2.3549E-03
  9.4261E-01  5.1563E+00  2.0184E+05  1.2145E+01  2.2951E-03
  9.4477E-01  5.1733E+00  1.9849E+05  1.2153E+01  2.2381E-03
  9.4693E-01  5.1906E+00  1.9508E+05  1.2161E+01  2.1808E-03
  9.4909E-01  5.2083E+00  1.9162E+05  1.2169E+01  2.1231E-03
  9.5103E-01  5.2245E+00  1.8829E+05  1.2176E+01  2.0679E-03
  9.5278E-01  5.2394E+00  1.8524E+05  1.2182E+01  2.0179E-03
  9.5453E-01  5.2545E+00  1.8231E+05  1.2188E+01  1.9702E-03
  9.5629E-01  5.2700E+00  1.7934E+05  1.2195E+01  1.9222E-03
  9.5804E-01  5.2857E+00  1.7632E+05  1.2200E+01  1.8739E-03
  9.5979E-01  5.3018E+00  1.7326E+05  1.2206E+01  1.8253E-03
  9.6154E-01  5.3182E+00  1.7014E+05  1.2212E+01  1.7763E-03
  9.6311E-01  5.3333E+00  1.6713E+05  1.2217E+01  1.7293E-03
  9.6453E-01  5.3471E+00  1.6438E+05  1.2221E+01  1.6868E-03
  9.6595E-01  5.3612E+00  1.6173E+05  1.2226E+01  1.6462E-03
  9.6737E-01  5.3756E+00  1.5904E+05  1.2230E+01  1.6053E-03
  9.6878E-01  5.3903E+00  1.5630E+05  1.2234E+01  1.5640E-03
  9.7020E-01  5.4053E+00  1.5352E+05  1.2239E+01  1.5224E-03
  9.7148E-01  5.4191E+00  1.5083E+05  1.2242E+01  1.4826E-03
  9.7275E-01  5.4332E+00  1.4824E+05  1.2246E+01  1.4446E-03
  9.7403E-01  5.4476E+00  1.4560E+05  1.2250E+01  1.4062E-03
  9.7518E-01  5.4608E+00  1.4305E+05  1.2253E+01  1.3694E-03
  9.7633E-01  5.4743E+00  1.4059E+05  1.2256E+01  1.3342E-03
  9.7748E-01  5.4881E+00  1.3809E+05  1.2259E+01  1.2988E-03
  9.7851E-01  5.5008E+00  1.3567E+05  1.2262E+01  1.2648E-03
  9.7954E-01  5.5138E+00  1.3334E+05  1.2264E+01  1.2323E-03
  9.8058E-01  5.5271E+00  1.3096E+05  1.2267E+01  1.1995E-03
  9.8151E-01  5.5393E+00  1.2866E+05  1.2269E+01  1.1680E-03
  9.8244E-01  5.5518E+00  1.2644E+05  1.2271E+01  1.1379E-03
  9.8337E-01  5.5646E+00  1.2418E+05  1.2274E+01  1.1075E-03
  9.8420E-01  5.5763E+00  1.2199E+05  1.2275E+01  1.0783E-03
  9.8504E-01  5.5883E+00  1.1987E+05  1.2277E+01  1.0505E-03
  9.8588E-01  5.6006E+00  1.1772E+05  1.2279E+01  1.0223E-03
  9.8663E-01  5.6119E+00  1.1564E+05  1.2281E+01  9.9523E-04
  9.8739E-01  5.6235E+00  1.1362E+05  1.2283E+01  9.6935E-04
  9.8814E-01  5.6353E+00  1.1157E+05  1.2284E+01  9.4319E-04
  9.8882E-01  5.6462E+00  1.0958E+05  1.2286E+01  9.1808E-04
  9.8943E-01  5.6562E+00  1.0775E+05  1.2287E+01  8.9525E-04
  9.9004E-01  5.6665E+00  1.0599E+05  1.2288E+01  8.7339E-04
  9.9065E-01  5.6769E+00  1.0420E+05  1.2289E+01  8.5132E-04
  9.9126E-01  5.6876E+00  1.0237E+05  1.2291E+01  8.2901E-04
  9.9187E-01  5.6986E+00  1.0051E+05  1.2292E+01  8.0644E-04
  9.9242E-01  5.7087E+00  9.8697E+04  1.2293E+01  7.8477E-04
  9.9291E-01  5.7180E+00  9.7036E+04  1.2294E+01  7.6504E-04
  9.9341E-01  5.7275E+00  9.5432E+04  1.2295E+01  7.4616E-04
  9.9390E-01  5.7372E+00  9.3797E+04  1.2296E+01  7.2706E-04
  9.9440E-01  5.7471E+00  9.2128E+04  1.2296E+01  7.0775E-04
  9.9489E-01  5.7573E+00  9.0425E+04  1.2297E+01  6.8821E-04
  9.9534E-01  5.7667E+00  8.8771E+04  1.2298E+01  6.6942E-04
  9.9574E-01  5.7754E+00  8.7252E+04  1.2299E+01  6.5231E-04
  9.9614E-01  5.7842E+00  8.5783E+04  1.2299E+01  6.3591E-04
  9.9654E-01  5.7933E+00  8.4285E+04  1.2300E+01  6.1932E-04
  9.9694E-01  5.8026E+00  8.2755E+04  1.2301E+01  6.0253E-04
  9.9730E-01  5.8111E+00  8.1269E+04  1.2301E+01  5.8638E-04
  9.9762E-01  5.8190E+00  7.9905E+04  1.2302E+01  5.7167E-04
  9.9795E-01  5.8271E+00  7.8585E+04  1.2302E+01  5.5757E-04
  9.9827E-01  5.8353E+00  7.7239E+04  1.2303E+01  5.4331E-04
  9.9860E-01  5.8438E+00  7.5864E+04  1.2303E+01  5.2887E-04
  9.9892E-01  5.8524E+00  7.4459E+04  1.2304E+01  5.1424E-04
  9.9921E-01  5.8604E+00  7.3094E+04  1.2304E+01  5.0016E-04
  9.9947E-01  5.8678E+00  7.1838E+04  1.2304E+01  4.8733E-04
  9.9974E-01  5.8753E+00  7.0623E+04  1.2305E+01  4.7502E-04
  1.0000E+00  5.8830E+00  6.9382E+04  1.2305E+01  4.6255E-04
  2.0000E+33
